0.0 2.2469
0.5 2.49083
1.0 2.97404
1.5 3.45817
2.0 3.93513
2.5 4.39828
3.0 4.79266
3.5 5.01329
4.0 5.12999
4.5 5.18698
5.0 5.23359
5.5 5.28756
6.0 5.34765
6.5 5.4325
7.0 5.51724
7.5 5.58652
8.0 5.62669
8.5 5.64585
9.0 5.66219
9.5 5.66801
10.0 5.66672
10.5 5.67099
11.0 5.68576
11.5 5.70092
12.0 5.72715
12.5 5.75503
13.0 5.8008
13.5 5.85457
14.0 5.91195
14.5 5.99065
15.0 6.03639
15.5 6.09816
16.0 6.1474
16.5 6.21076
17.0 6.25616
17.5 6.28642
18.0 6.34462
18.5 6.39041
19.0 6.44411
19.5 6.49227
20.0 6.54414
20.5 6.58857
21.0 6.64361
21.5 6.64096
22.0 6.64295
22.5 6.61268
23.0 6.56832
23.5 6.49485
24.0 6.43018
24.5 6.38917
25.0 6.35724
25.5 6.34541
26.0 6.28146
26.5 6.26513
27.0 6.34389
27.5 6.37211
28.0 6.33609
28.5 6.93794
29.0 6.93911
29.5 6.94155
30.0 6.95949
30.5 6.96298
31.0 6.97228
31.5 6.99475
32.0 6.99475
32.5 7.00159
33.0 7.01941
33.5 7.01941
34.0 7.01941
34.5 7.01941
35.0 7.01941
35.5 7.01941
36.0 7.01941
36.5 7.01941
37.0 7.01941
37.5 7.01941
38.0 7.01941
38.5 7.01941
39.0 7.01941
39.5 7.01454
40.0 7.0114
40.5 6.99678
41.0 6.97101
41.5 6.95402
42.0 6.94917
42.5 6.91444
43.0 6.90641
43.5 6.90641
44.0 6.9066
44.5 6.9066
45.0 6.9066
45.5 6.9066
46.0 6.9066
46.5 6.91954
47.0 6.93465
47.5 6.93465
48.0 6.93465
48.5 6.93465
49.0 6.93465
49.5 6.93465
