0.0 1.23928
0.5 1.37404
1.0 1.64077
1.5 1.90862
2.0 2.17319
2.5 2.429
3.0 2.64206
3.5 2.77172
4.0 2.8389
4.5 2.87995
5.0 2.91234
5.5 2.94341
6.0 2.97609
6.5 3.01299
7.0 3.05301
7.5 3.08895
8.0 3.12079
8.5 3.14747
9.0 3.17192
9.5 3.1936
10.0 3.21317
10.5 3.23252
11.0 3.25021
11.5 3.26739
12.0 3.2846
12.5 3.30283
13.0 3.32204
13.5 3.34354
14.0 3.36763
14.5 3.39621
15.0 3.42524
15.5 3.45489
16.0 3.48435
16.5 3.5199
17.0 3.56357
17.5 3.60294
18.0 3.64643
18.5 3.69034
19.0 3.74731
19.5 3.79086
20.0 3.83553
20.5 3.87085
21.0 3.90882
21.5 3.93446
22.0 3.95652
22.5 3.9758
23.0 3.99248
23.5 4.00659
24.0 4.01683
24.5 4.02562
25.0 4.03561
25.5 4.04466
26.0 4.06155
26.5 4.08749
27.0 4.1269
27.5 4.15516
28.0 4.18254
28.5 4.53242
29.0 4.52844
29.5 4.52787
30.0 4.52745
30.5 4.52859
31.0 4.52692
31.5 4.525
32.0 4.525
32.5 4.5245
33.0 4.52408
33.5 4.52408
34.0 4.52408
34.5 4.52408
35.0 4.52408
35.5 4.52408
36.0 4.52408
36.5 4.52408
37.0 4.52408
37.5 4.52408
38.0 4.52408
38.5 4.52408
39.0 4.52408
39.5 4.52441
40.0 4.52557
40.5 4.52731
41.0 4.53331
41.5 4.53858
42.0 4.54073
42.5 4.54756
43.0 4.5507
43.5 4.5507
44.0 4.55061
44.5 4.55061
45.0 4.55061
45.5 4.55061
46.0 4.55061
46.5 4.54983
47.0 4.54752
47.5 4.54752
48.0 4.54752
48.5 4.54752
49.0 4.54752
49.5 4.54752
